0.14843
0.39059
0.60933
0.82806
1.04679
1.26943
1.39051
1.49988
1.59753
1.70689
1.92953
2.16779
2.28497
2.40606
2.50761
2.60135
2.699
2.81618
2.92945
3.03101
3.28489
3.49581
3.71144
3.94654
4.1809
4.40744
4.61837
4.77851
4.94646
5.33706
5.60266
5.85655
6.12215
6.29011
6.38775
6.49712
6.71976
7.16941
7.41688
7.66686
7.90512
8.12776
8.36211
8.59647
8.83473
9.06909
9.29563
9.52217
9.65107
9.76825
9.87761
9.99089
10.0963
10.2018
10.3151
10.5065
10.9486
11.1478
11.4056
11.6243
11.8314
12.054
12.3124
12.5116
12.7499
12.9832
13.2342
13.5037
13.7146
13.9373
14.1951
14.3513
14.6716
14.8747
15.1012
15.3707
15.5843
15.803
16.1155
16.2718
16.5061
16.7248
16.9592
17.2287
17.4787
17.9044
18.3839
18.5909
18.8135
19.0869
19.2979
19.5869
19.7588
19.9072
20.2314
20.4501
20.6845
20.957
21.2226
21.4101
21.6484
21.8515
22.0819
22.3241
22.5623
22.8006
23.0193
23.2732
23.5076
23.9682
24.1987
24.433
24.6479
24.8822
25.1244
25.3548
25.8431
26.0579
26.3665
26.5579
26.8
26.9951
27.2177
27.4401
27.5417
27.7018
27.9166
28.1549
28.2565
28.6197
28.8658
29.1119
29.5806
29.8149
30.0466
30.2771
30.5075
30.7341
30.9372
