0.29272
0.55912
0.82243
1.10433
1.37074
1.63714
1.91594
2.17925
2.44566
2.71826
2.99449
3.11887
3.26709
3.5397
3.803
4.07251
4.34201
4.62081
4.88412
5.15475
5.30035
5.42426
5.69376
5.96636
6.23277
6.50537
6.64167
6.77178
7.04748
7.31389
7.45693
7.59211
7.85542
7.98665
8.12492
8.39752
8.65773
8.93963
9.20604
9.34462
9.47554
9.7465
10.016
10.2886
10.5519
10.8245
10.9692
11.101
11.3719
11.6383
11.7684
11.9109
12.1846
12.4541
12.7205
12.9901
13.2626
13.5321
13.8017
14.0681
14.3407
14.4894
14.6102
14.887
15.0202
15.1534
15.2928
15.4229
15.5716
15.6986
15.9681
16.2345
16.5164
16.7766
17.0492
17.3156
17.5888
17.8614
18.1278
18.3725
18.6668
18.9394
19.1098
19.2151
19.3421
19.4815
19.7479
19.9926
20.2911
20.4274
20.5606
20.8301
21.0996
21.3691
21.6386
21.9112
22.1777
22.4472
22.724
22.9904
23.263
23.5356
23.6688
23.8051
23.9383
24.0752
24.348
24.6172
24.7518
24.8864
25.1556
25.4249
25.6941
25.8541
25.9633
26.2361
26.507
26.7762
27.049
27.3182
27.5911
27.7257
27.8566
27.9912
28.1331
28.3987
28.6679
28.7843
28.9408
29.0754
29.2063
29.4755
29.7453
