0.11825
0.35803
0.46971
0.69307
0.81461
1.03797
1.39600
1.50440
1.74746
1.86571
2.11535
2.21718
2.43397
2.54893
2.79200
2.92668
3.16061
3.26244
3.49165
3.60989
3.81683
3.99421
4.19129
4.30297
4.53947
4.65772
4.90407
5.00918
5.23583
5.33108
5.57743
5.68583
5.90591
6.02744
6.26966
6.39120
6.61456
6.77879
6.88390
6.94960
7.05799
7.31092
7.42260
7.59012
7.67880
7.78391
8.01056
8.10582
8.33903
8.45400
8.69378
8.81275
9.06239
9.17078
9.40400
9.50582
9.74232
9.85400
10.10364
10.21860
10.47481
10.58978
10.82299
10.92153
11.16788
11.27300
11.51935
11.63408
11.87386
11.97897
12.21547
12.31730
12.55051
12.66876
12.92497
13.03994
13.23373
13.37826
13.58191
13.73958
13.97735
14.10525
14.21854
14.30259
14.42318
14.52550
14.63148
14.73745
14.96037
15.35504
15.46467
15.67662
15.81183
16.03109
16.16265
16.35267
16.41845
16.50250
16.71080
16.86428
17.06619
17.21602
17.40604
17.58145
17.78975
17.95054
18.12960
18.27943
18.47676
18.60832
18.85316
18.95548
19.20398
19.31361
19.54383
19.64250
19.88003
20.00716
20.21912
20.36163
20.54435
20.68687
20.92075
21.04500
21.26426
21.39947
21.64796
21.74663
21.98782
22.09014
22.34229
22.44095
22.64925
22.78446
22.99534
23.12324
23.21825
23.38270
23.47405
23.70428
23.81756
23.93450
24.05144
24.16838
24.27070
24.37668
24.50092
24.63613
24.73480
24.84443
24.98330
25.06369
25.18428
25.38893
25.51318
25.71051
25.88957
26.04563
26.16988
26.48050
26.61205
26.79843
26.89709
27.22598
27.29907
27.44524
27.52929
27.92396
28.01897
28.16149
28.27112
28.63290
28.85582
28.97276
29.18486
29.32008
29.52472
29.66358
