0.12167
0.24014
0.38742
0.63396
0.92212
1.30954
1.44081
1.71617
1.99152
2.56144
3.07146
3.47023
3.60791
3.85765
4.11059
4.23226
4.35713
4.46920
4.58441
4.85661
5.13197
5.40092
5.66987
5.91901
6.18156
6.30963
6.45051
6.55297
6.70345
7.19973
7.48149
7.76965
8.01299
8.26379
8.40466
8.52633
8.65120
8.80169
9.04182
9.29477
9.68218
9.80385
10.05359
10.30654
10.84704
11.32090
11.73394
11.82359
12.08934
12.34228
12.46766
12.58242
12.70088
12.86097
13.09576
13.36471
13.72011
13.85138
14.10753
14.38929
14.94320
15.46829
15.84954
15.97441
16.21134
16.45468
16.58275
16.70762
16.81968
16.93975
17.17828
17.44723
17.92607
18.18542
18.42556
18.54722
18.77775
18.93144
19.43412
19.69927
20.00664
20.26279
20.49972
20.62459
20.72705
20.96398
21.25214
21.50829
21.66518
21.90211
22.00777
22.29616
22.61954
23.40078
