0.22426
0.53158
0.80982
1.1213
1.27495
1.41615
1.71932
2.00587
2.31319
2.47931
2.62051
2.77002
2.93198
3.06903
3.20192
3.51339
3.66705
3.8124
3.97514
4.11634
4.27831
4.40705
4.71437
4.86387
5.02168
5.16288
5.3207
5.60725
5.91872
6.05992
6.21358
6.51259
6.8033
6.94865
7.11477
7.26428
7.41378
7.73433
8.01258
8.3199
8.47771
8.61475
8.91792
9.20863
9.51594
9.66545
9.81496
10.1389
10.2718
10.4047
10.7161
10.8781
11.0152
11.3149
11.6098
11.7801
11.9171
12.0791
12.2161
12.3656
12.5318
12.6688
12.81
13.1173
13.2751
13.4163
13.7112
13.869
14.0061
14.3134
14.4546
14.6165
14.9329
15.207
15.5226
15.6597
15.8217
16.1165
16.4031
16.5526
16.7062
16.8474
17.0136
17.1548
17.3126
17.4496
17.6033
17.9147
18.0726
18.2145
18.5177
18.8125
19.1157
19.286
19.4189
19.7387
20.0086
20.3159
20.4696
20.6149
20.9181
21.0676
21.2046
21.5161
21.6532
21.8242
22.1398
22.4056
22.7212
23.0119
23.3151
23.6017
23.9173
24.071
24.2122
24.3617
24.5153
24.806
25.1134
25.4173
25.7246
26.0111
26.1648
26.3185
26.4555
26.6133
26.767
26.9165
27.0618
27.1989
27.5145
27.6806
27.8135
28.1125
28.2704
28.4032
28.5652
28.7147
28.8674
29.0128
29.3326
29.6025
29.9181
