0.03243
0.19458
0.34592
0.52248
0.67022
0.84317
1.01253
1.16747
1.32602
1.47375
1.64671
1.82327
1.96741
2.12595
2.30612
2.47187
2.61961
2.77455
2.92949
3.10605
3.2718
3.42142
3.58357
3.73491
3.90427
4.06281
4.22136
4.3727
4.57448
4.72582
4.88437
5.04291
5.20866
5.37802
5.54377
5.6879
5.85726
5.99779
6.19133
6.35708
6.47599
6.64174
6.83632
7.00568
7.16062
7.27593
7.31917
7.44399
7.62545
7.77318
7.93173
8.10469
8.29183
8.43259
8.64158
8.78571
8.95335
9.09748
9.27765
9.447
9.62356
9.76409
9.93705
10.0956
10.2541
10.3766
10.4235
10.7478
10.9063
11.0865
11.2414
11.3658
11.7118
11.8739
12.2162
12.3351
12.5441
12.6955
12.854
12.9909
13.1855
13.3124
13.517
13.6647
13.8341
13.9963
14.1548
14.2902
14.51
14.6253
14.7298
14.8343
15.0757
15.2849
15.492
15.6289
15.773
16.1017
16.2667
16.436
16.6009
16.7964
16.9297
17.0738
17.2468
17.4738
17.5999
17.7548
17.9062
18.0828
18.2197
18.5898
18.7303
18.8925
19.0654
19.2059
19.5519
19.696
19.8798
20.0167
20.186
20.532
20.6437
20.8058
20.9896
21.1265
21.3175
21.4544
21.6128
21.7488
21.9506
22.0876
22.1416
22.4191
22.61
22.7866
22.9235
23.0407
23.2622
23.3956
23.5469
23.9469
24.0153
24.1703
24.3396
24.5018
24.6665
24.8394
25.0052
25.1565
25.3259
25.4736
25.6466
25.8195
25.9312
26.0856
26.288
26.4681
26.5834
26.742
26.9402
27.0807
27.2356
27.3834
27.5491
27.6752
27.987
28.3328
28.5213
28.6871
28.8312
28.9862
29.1375
29.3177
29.4592
29.6276
29.7958
29.9436
30.1201
30.2679
30.4012
30.5741
30.7435
30.9273
31.0642
