0.12980
0.48989
0.67413
0.84999
1.03003
1.21008
1.39012
1.57854
1.75022
1.93026
2.11450
2.29454
2.47459
2.65045
2.83468
3.01473
3.37482
3.55905
3.73910
3.91496
4.10042
4.28465
4.46470
4.64474
4.82479
5.00484
5.18488
5.36493
5.54916
5.72502
5.91344
6.27353
6.44939
6.62525
6.80530
6.98953
7.17377
7.35626
7.54049
7.71635
7.89640
8.08063
8.26068
8.43654
8.62077
8.80082
8.93481
9.16091
9.34096
9.53356
9.70105
9.88528
10.06533
10.24119
10.42542
10.78796
10.97638
11.15224
11.33648
11.51234
11.70076
12.05666
12.23671
12.41257
12.59261
12.77685
12.95689
13.13694
13.31698
13.49703
13.67289
13.86943
14.04529
14.40538
14.58961
14.94133
15.12975
15.29305
15.48566
15.66570
15.84575
16.02580
16.20584
16.39476
16.57481
16.75486
16.93490
17.11495
17.29500
17.48342
17.83932
18.01937
18.19941
18.37946
18.55951
18.73955
18.92379
19.09964
19.27550
19.46392
19.63978
19.82402
20.01070
20.19075
20.36242
20.72670
20.91093
21.08679
21.27102
21.45107
21.63112
21.81116
21.99121
22.17544
22.35968
22.53553
22.71139
22.89563
23.07149
23.25991
23.62245
23.80249
23.98254
24.16259
24.34263
24.52687
24.70273
24.88277
25.06701
25.24286
25.42710
25.60714
25.81650
25.97142
26.15147
26.35664
26.50738
26.68742
26.86747
27.05437
27.23442
27.41446
27.59870
27.77455
27.95879
28.13465
28.31888
28.49474
28.67897
28.85902
29.04325
29.39916
29.57624
29.75629
29.94052
