0.31155
0.49405
0.67665
0.85676
1.04175
1.39224
1.57236
1.74760
2.11270
2.29282
2.45833
2.64818
2.83316
3.01815
3.19826
3.38811
3.57310
3.72400
3.91385
4.11344
4.26922
4.46394
4.62190
5.00710
5.18721
5.37220
5.72269
6.09266
6.26304
6.45289
6.62814
6.82285
7.16682
7.35833
7.51897
7.89868
8.07879
8.43237
8.62709
8.80234
8.98732
9.16257
9.35242
9.51306
9.68831
9.88790
10.05828
10.24653
10.42178
10.79662
10.97186
11.15198
11.51221
11.87731
12.04769
12.23754
12.41278
12.61237
12.95800
13.14298
13.30849
13.67846
13.85857
14.21394
14.40993
14.59005
14.76529
14.95028
15.13526
15.29103
15.48088
15.67560
15.84112
16.02610
16.20135
16.57618
16.75143
16.93154
17.28690
17.46702
17.64714
17.82725
18.01223
18.18261
18.38220
18.72910
18.92382
19.10394
19.46903
19.64428
19.82926
19.99478
20.18463
20.36474
20.53999
20.72010
20.90996
21.08033
21.26045
21.45517
21.62068
21.80080
21.98578
22.35574
22.53099
22.70137
23.07748
23.25760
23.43771
23.61783
23.80281
23.96345
24.17278
24.52327
24.70339
24.86890
25.23886
25.42385
25.59423
25.77921
25.96419
26.14917
26.32442
26.50454
26.70386
26.87424
27.04948
27.24907
27.40971
27.58983
27.76508
28.13991
28.31516
28.50014
28.85064
29.03075
29.22060
29.40072
29.74634
29.94593
30.11631
30.30129
30.49114
30.65974
31.02484
31.20495
31.38020
