   0.08456 
   0.32508 
   0.49676 
   0.65016 
   0.83592 
   1.02163 
   1.20739 
   1.34676 
   1.53252 
   1.72477 
   1.90404 
   2.08478 
   2.22525 
   2.41488 
   2.60059 
   2.73871 
   2.91310 
   2.95714  
   3.11143 
   3.29719 
   3.47811 
   3.63508 
   3.99379 
   4.15957 
   4.36531 
   4.45819 
   4.69039 
   4.87615 
   5.06122 
   5.21708 
   5.40028 
   5.55178 
   5.72265 
   5.89782 
   6.08358 
   6.26934 
   6.50159 
   6.59442 
   6.78018 
   6.96594 
   7.15170 
   7.33746 
   7.52327 
   7.67282 
   7.84830 
   8.02263 
   8.20074 
   8.36457 
   8.54490 
   8.72236 
   8.91646 
   9.06234 
   9.26159 
   9.41837 
   9.61302 
   9.76030 
   9.93814 
  10.12385 
  10.30966 
  10.45984 
  10.63469 
  10.81874 
  11.00621 
  11.16178 
  11.33134 
  11.51705 
  11.70281 
  11.88862 
  12.07433 
  12.22968 
  12.40602 
  12.57161 
  12.73720 
  12.95673 
  13.09601 
  13.26651 
  13.42113 
  13.60689 
  13.79261 
  13.97841 
  14.16413 
  14.30345 
  14.67501 
  14.86077 
