   0.00000 
   0.05755 
   0.09288 
   0.55494 
   0.65016 
   0.74299 
   0.83592 
   0.97524 
   1.11400 
   1.54151 
   1.64427 
   1.75526 
   1.87036 
   2.01424 
   2.13344 
   2.55273 
   2.64317 
   2.73772 
   2.86515 
   3.00491 
   3.13234 
   3.74369 
   4.40472 
   4.85541 
   4.93762 
   5.05272 
   5.14315 
   5.29114 
   5.39802 
   5.85430 
   5.91665 
   6.04408 
   6.17151 
   6.29895 
   6.42227 
   6.85389 
   6.93199 
   7.00187 
   7.14986 
   7.28551 
   7.39650 
   8.03776 
   8.63778 
   9.05574 
   9.14862 
   9.24154 
   9.37294 
   9.47374 
   9.61302 
  10.05531 
  10.14461 
  10.21673 
  10.35610 
  10.44893 
  10.57212 
  10.95982 
  11.11131 
  11.19202 
  11.28490 
  11.40728 
  11.51705 
  11.93506 
  12.04032 
  12.16721 
  12.26009 
  12.39946 
  12.52127 
  12.94467 
  13.04957 
  13.16254 
  13.23533 
  13.32825 
  13.51397 
  13.88549 
  14.01528 
  14.11805 
  14.21057 
  14.34002 
  14.47979 
  14.84781 
  14.99580 
  15.12323 
  15.29177 
  15.40275 
  15.58774 
  16.31944 
  17.11086 
  17.19308 
  17.26707 
  17.47260 
  17.60826 
  17.78649 
  17.92576 
  18.08921 
  18.29728 
  18.39016 
  18.55371 
  18.71524 
  18.85456 
  18.99392 
  19.13320 
  19.31830 
  19.36540 
  19.45832 
  19.59760 
  19.78336 
  19.92272 
  20.06200 
  20.20132 
  20.43351 
  21.08099 
  21.57838 
  21.66059 
  21.73870 
  21.92779 
  22.07988 
  22.20731 
  22.37174 
  22.52331 
  22.70912 
  22.82723 
  22.98771 
  23.11909 
  23.26635 
  23.41917 
  23.54660 
  23.73569 
  23.77719 
  23.87007 
  24.01522 
  24.16320 
  24.33451 
  24.47379 
  24.63514 
  24.84889 
  25.04620 
  25.46138 
  25.97180 
  26.06223 
  26.14856 
  26.29654 
  26.42431 
  26.60895 
  26.70295 
  26.84227 
  27.07442 
  27.16735 
  27.35306 
  27.50508 
  27.63170 
  27.77102 
  27.92848 
  28.09615 
  28.17512 
  28.23542 
  28.41354 
  28.56153 
  28.67663 
  28.83918 
  28.97850 
  29.16422 
  29.25714 
  29.33206 
  29.44286 
  29.58218 
  29.72154 
  29.86082 
  30.00014 
  30.18594 
  30.25696 
  30.32522 
  30.46454 
  30.60385 
  30.74322 
  30.88254 
  31.02186 
  31.20757 
  31.28909 
  31.35897 
  31.48621 
  31.62553 
  31.76490 
  31.90417 
  32.04349 
  32.22930 
  32.30214 
  32.32218 
  32.50789 
  32.69365 
  32.87946 
  33.01878 
  33.20454 
  33.48313 
  34.40602 
