   0.50385 
   0.62981 
   0.79917 
   0.93677 
   1.09819 
   1.21198 
   1.33569 
   1.49569 
   1.67166 
   1.91161 
   2.05556 
   2.19955 
   2.47946 
   2.67143 
   2.87941 
   3.11937 
   3.38331 
   3.55125 
   3.69290 
   3.80668 
   3.92312 
   4.16712 
   4.33064 
   4.51905 
   4.73501 
   4.90753 
   5.04694 
   5.21162 
   5.32277 
   5.45508 
   5.60327 
   5.69832 
   5.89965 
   5.99791 
   6.17878 
   6.28843 
   6.36531 
   6.56893 
   6.74399 
   6.94181 
   7.01614 
   7.12268 
   7.30921 
   7.82568 
   8.10618 
   8.28204 
   8.39319 
   8.72253 
   8.85749 
   8.93953 
   9.08507 
   9.26502 
   9.32354 
   9.41502 
   9.75483 
   9.85083 
  10.02019 
  10.14721 
  10.33162 
  10.53273 
  10.75766 
  10.96349 
  11.26045 
  11.52871 
  11.81134 
  12.19292 
  12.67454 
  12.80156 
  12.95923 
  13.08123 
  13.21923 
  13.47145 
  13.76277 
  14.05007 
  14.37683 
  14.69333 
  14.80639 
  14.92508 
  14.99855 
  15.28118 
  16.03973 
  16.27989 
  16.60630 
  16.69297 
  16.77859 
  16.86630 
  17.14378 
  17.45977 
  18.00155 
  18.32395 
  18.45262 
  18.59817 
  18.69152 
  19.14753 
  19.46821 
  19.62000 
  19.77084 
  20.31066 
  20.61742 
  20.71798 
  20.81589 
  21.13344 
  21.23764 
  21.36762 
  21.67850 
  21.77482 
  21.92036 
