   0.06523 
   0.57982 
   1.05274 
   1.54921 
   1.73309 
   1.97589 
   2.42888 
   2.94977 
   4.15250 
   4.39349 
   4.59099 
   4.80815 
   5.01961 
   5.23161 
   5.36751 
   5.42186 
   5.63165 
   5.85089 
   6.07517 
   6.25999 
   6.46292 
   6.69988 
   6.91188 
   7.11623 
   7.28293 
   7.51848 
   7.71558 
   7.92395 
   8.12145 
   8.36190 
   8.64094 
   8.79133 
   8.96850 
   9.17506 
   9.39934 
   9.62583 
   9.81427 
  10.09667 
  11.37469 
  11.85780 
  12.31985 
  12.79055 
  13.28481 
  13.78450 
  14.34580 
