   0.04327 
   0.64908 
   1.24326 
   1.85238 
   2.44644 
   3.05907 
   3.62254 
   4.23166 
   4.82974 
   5.43360 
   6.03602 
   6.63906 
   7.28998 
   7.61970 
   7.69903 
   7.75095 
   7.84831 
   8.34411 
   8.54422 
   9.83494 
  10.44880 
  11.05329 
  11.65760 
  12.26440 
  12.86431 
  13.42494 
  14.04358 
  14.62153 
  15.23158 
  15.83327 
  16.43322 
  17.03719 
  17.43088 
  17.49922 
  17.54845 
  17.64617 
  18.11785 
  18.33535 
  19.11970 
  20.01574 
  20.65382 
  21.25810 
  21.86807 
  22.46059 
  23.06929 
  23.63079 
  24.24165 
  24.83913 
  25.45296 
  26.05778 
  26.65673 
  27.30916 
  27.67642 
  27.73134 
  27.81238 
  27.90385 
  28.42544 
  28.68341 
  31.81110 
  31.90410 
  32.00593 
  32.11177 
  32.25128 
  32.36349 
  32.47051 
  32.56753 
  32.67497 
  32.78642 
  32.91711 
  33.02535 
  33.16104 
  33.27770 
  33.34986 
  33.50139 
  33.57494 
  33.71686 
  33.82430 
  33.93203 
  34.05069 
  34.15121 
  34.27498 
  34.37039 
  34.50108 
  34.60612 
  34.74415 
  34.87644 
  34.97987 
  35.09878 
  35.20301 
  35.29442 
  35.39877 
  35.53508 
  35.65454 
  35.79405 
  35.89085 
  36.00631 
  36.12012 
  36.21954 
  36.37428 
  36.46088 
  36.59798 
  36.69558 
  36.81986 
  36.92570 
  37.05398 
  37.14179 
  37.32219 
  37.53387 
  37.78306 
  38.04845 
  38.30233 
  38.89393 
  39.49150 
  39.60112 
  39.72291 
  39.84118 
  39.96297 
  40.07619 
  40.16418 
  40.29966 
  40.40856 
  40.53684 
  40.67140 
  40.77452 
  40.85499 
  40.91341 
  41.01191 
  41.12155 
  41.23261 
  41.36747 
  41.47493 
  41.56868 
  41.69572 
  41.82337 
  41.93909 
  42.06601 
  42.16121 
  42.29041 
  42.39643 
  42.53624 
  42.67606 
  42.76909 
  42.86212 
  42.97928 
  43.14154 
  43.22592 
  43.35927 
  43.47322 
  43.55759 
  43.68740 
  43.78116 
  43.92602 
  44.03059 
  44.16145 
  44.38501 
  44.52483 
  44.62507 
  44.75109 
  44.85855 
  44.99476 
  45.09428 
  45.22553 
  45.43768 
  45.55378 
  45.67527 
  45.78633 
  45.93048 
  46.06503 
  46.52979 
  46.71711 
  47.41457 
  47.63524 
  47.73909 
  47.87539 
  47.98141 
  48.09175 
  48.20858 
  48.30810 
  48.42493 
  48.54795 
  48.67127 
  48.81839 
  48.97849 
  49.09099 
  49.20349 
  49.31600 
  49.43932 
  49.54749 
  49.69245 
  49.76601 
  49.87821 
  50.01451 
  50.10538 
  50.24168 
  50.37366 
  50.47751 
  50.57270 
  50.70684 
  50.81688 
  50.93587 
  51.03972 
  51.07650 
  51.17170 
  51.27987 
  51.40752 
  51.53966 
  51.63702 
  51.74736 
  51.86757 
  52.00481 
  52.08919 
  52.20170 
  52.33151 
  52.42268 
  52.55868 
  52.65574 
  52.79204 
  52.93699 
  53.17065 
  53.44325 
  53.72035 
  54.01288 
  54.72559 
