   0.04463 
   0.27769 
   0.46948 
   0.68766 
   2.84091 
   3.05252 
   3.18304 
   3.40113 
   6.48005 
   6.63048 
   6.78753 
   7.00902 
   7.17107 
   7.33800 
   7.50794 
   7.63245 
   7.83524 
   7.95011 
   8.01873 
   8.21462 
   9.05810 
   9.25483 
   9.34381 
   9.50621 
   9.68721 
   9.89125 
  10.10286 
  10.29048 
  10.40671 
  10.58195 
  10.75057 
  10.93088 
  11.19075 
  11.58667 
  11.75683 
  11.85447 
  12.02136 
  12.47016 
  12.64268 
  12.79125 
  12.96757 
  13.07433 
  13.22975 
  13.47569 
  13.68916 
  13.87016 
  14.02372 
  14.28717 
  14.33995 
  14.48844 
  15.19846 
  15.96880 
  18.83188 
  19.02680 
  19.23170 
  19.38875 
