   0.07552 
   0.37759 
   0.63125 
   0.83592 
   1.06812 
   1.32640 
   1.57896 
   1.85760 
   2.08975 
   2.45175 
   2.61827 
   2.85644 
   3.06499 
   3.31550 
   3.57583 
   3.83845 
   4.08667 
   4.22603 
   4.36531 
   4.47575 
   4.66163 
   4.84955 
   5.06190 
   5.39962 
   5.57274 
   5.84691 
   6.17651 
   6.31578 
   6.58882 
   6.87152 
   7.10526 
   7.33832 
   7.56101 
   7.70902 
   7.89474 
   8.08050 
   8.31270 
   8.82194 
   9.10218 
   9.33442 
   9.56658 
   9.79878 
  10.07741 
  10.30966 
  10.63469 
  10.82045 
  11.09909 
  11.33134 
  11.56354 
  11.81440 
  12.07433 
  12.32961 
  12.58522 
  12.81741 
  13.09601 
  13.37469 
  13.60689 
  13.83909 
  14.16413 
  14.34993 
  14.58209 
  14.75646 
  14.84166 
  15.01012 
  15.13937 
  15.32512 
  15.57573 
  15.78952 
  16.06821 
  16.30036 
