   0.04644 
   0.32508 
   0.41791 
   0.65016 
   1.02163 
   1.16095 
   1.39320 
   1.53252 
   1.76467 
   2.13619 
   2.50771 
   2.69347 
   2.87927 
   3.06499 
   3.19360 
   3.34367 
   3.48295 
   3.71515 
   3.85451 
   4.08667 
   4.64399 
   4.92215 
   5.01546 
   5.24771 
   5.61918 
   5.88910 
   6.03714 
   6.17651 
   6.51647 
   6.57606 
   6.82662 
   7.19819 
   7.33746 
   7.62465 
   7.70902 
   7.98762 
   8.35914 
   8.49850 
   8.73066 
   8.91646 
   9.14862 
   9.52018 
   9.89170 
  10.26322 
  11.00621 
  11.14553 
  11.42417 
  11.79574 
  12.30658 
  12.66620 
  12.76083 
  12.95673 
  13.32825 
  13.51397 
  13.77892 
  13.87706 
  14.11769 
  14.48921 
  14.86077 
  15.00009 
  15.23224 
  15.37161 
  15.65025 
  15.78952 
  16.03177 
  16.16109 
  16.39329 
  16.95057 
  17.26613 
  17.32204 
  17.55424 
  17.92576 
  18.26112 
  18.29728 
  18.48308 
  18.71675 
  18.85456 
  19.08680 
  19.45832 
  19.59760 
  19.81792 
  19.96912 
  20.20132 
  20.52644 
  20.66576 
  20.89791 
  21.14795 
  21.31587 
  21.64095 
  22.19828 
  22.43043 
  22.68620 
  22.84839 
  23.23153 
  23.31279 
  23.59147 
  24.10227 
  24.42739 
  25.12399 
  25.26331 
  25.63483 
  25.99983 
  26.42431 
  26.79583 
  27.44594 
  27.77102 
  27.95678 
  28.23542 
  28.60694 
  29.11778 
  29.39646 
  29.53574 
  29.76798 
